535022446
.628996483
.822992164
.1811803698
.1201691947
.1652029094
.1460013329
.454067236
.761158958
.1984161505
.810577908
.490317450
.1189207301
.414251774
.1361800117
.1689015720
.673764586
.706792586
.1585276744
.391738508
.1380696298
.181951596
.1709715944
.750763519
.240250737
.1904816137
.402030292
.1441510662
.1164063568
.488648837
.902205614
.1699086014
.1117645320
.1725197778
.1363406064
.171853620
.1229743224
.675935746
.625920856
.1990902183
.512613603
.1436498764
.333735985
.1701820904
.1850750538
.1695536102
.1243352976
.377031476
.254845041
.681146072
.768769985
.1635541339
.863097668
.331002281
.238821211
.1103348406
.88334770
.640851503
.397375420
.1252398339
.1129500340
.1299581034
.804000705
.99662012
.877295164
.19923122
.271515632
.2107038388
.695858868
.897436488
.1950456923
.1208472471
.186451604
.136709260
.762809727
.2037202143
.1832245363
.2006162703
.266749971
.2087090404
.539825127
.1035519956
.1575148095
.1402922795
.1366522238
.1813969306
.358787553
.1454857008
.307337161
.756162973
.559771699
.1436837501
.2055744007
.1363772405
.1536499514
.785555523
.1383695527
.1808015146
.745110264
.2079554395
.557967987
.
.